24060
59302
6598
10916
34610
49017
5598
10375
2397
60925
51479
22662
62301
31123
25993
47565
38019
29538
65126
23145
858
31927
5235
10871
51205
59627
1366
28743
36086
5605
48619
7602
55964
25178
37364
36375
9906
28734
24491
58409
29515
51248
39835
13457
32135
8129
43912
26881
1468
25866
11660
46270
5044
46594
46661
6739
40638
50616
62688
53276
42025
7541
31149
55520
15417
40905
64136
23902
32628
47124
31583
54593
14582
30329
18291
55295
14396
18046
60673
8935
10760
559
10269
34609
57009
27859
50602
45962
51398
62209
25619
14058
56193
17139
42963
24561
10643
33530
1331
21521
13365
48601
57873
40241
36085
28923
14778
39685
41989
59452
31838
32710
36260
27010
29540
28174
32141
53431
3794
47140
19356
38592
9504
22384
47846
52237
4598
18094
31075
3493
26683
12577
64278
10859
29715
48929
56834
4588
24811
60013
27873
50845
33338
5611
62309
46912
29090
59906
53336
59043
40670
7168
50721
14840
11164
39206
51649
48426
54062
20
8407
34341
29314
47907
47546
31677
927
26208
23217
51150
30758
53788
12186
19903
29514
59984
54706
35742
3227
63702
54411
50316
19723
10168
22223
60273
15940
18234
24279
13625
7301
47997
59150
32362
27791
3466
46682
18662
31873
1483
55856
18585
49017
61580
62499
34966
49991
55863
60545
45636
27933
14135
20647
65010
8413
46210
9970
41827
21965
26774
25886
6788
30301
31425
23955
15341
18072
44779
24036
63287
10432
20522
43513
17908
41265
21333
56559
42550
21718
32212
14412
27320
16266
2934
21708
49527
5449
275
6885
26669
10410
49375
38303
39040
65242
57685
40400
158
5007
61506
7954
24647
37447
2455
49301
8800
50204
48299
35664
36909
9844
999
4624
53713
1380
22856
4183
10096
47323
40832
10057
46084
25561
31353
42567
61093
9550
15469
19345
46297
53545
5424
55941
59660
33168
12762
54606
10098
2776
53731
47305
4558
48226
34403
49220
60461
62423
16013
31860
12661
10983
64543
52034
39845
4266
63882
60873
4153
25248
17444
23671
29272
64745
50498
26593
35304
39250
1999
56557
48381
27
45810
34161
4232
51081
22543
4308
53662
57151
22796
23490
64247
62893
64874
12205
13832
42892
22520
64628
38181
28346
5525
9336
28709
30250
17964
45027
18363
3874
26057
27508
8522
12285
31473
64325
21812
35180
52007
30748
31136
46008
5433
3812
39628
17798
15587
27486
50450
20435
2669
43533
31690
29422
58885
10067
53128
11561
65298
56190
40442
293
63215
31447
8776
60996
10654
18056
26219
29962
61694
13533
43208
64162
34295
48675
13769
64780
22770
27736
8008
52358
11869
6312
15309
47461
61184
12045
51711
7950
50373
6131
22969
59576
50597
5814
22460
2474
30175
8985
62422
36046
53922
63808
32568
60722
17751
22529
49739
9799
57291
1543
55934
38441
257
11399
43500
22917
4990
10092
49197
7929
28423
28654
26054
43543
41702
27929
24183
60460
2371
65231
21117
64884
41596
39110
10255
37875
56924
58584
64720
16597
21326
42107
46987
41346
65374
63727
11474
24926
48640
15985
43468
60424
14031
14749
1973
49418
59053
50212
38019
43087
42116
20692
35361
30202
26356
15179
10719
29529
16319
44912
3462
60690
50663
9377
52987
21354
12100
41473
49894
64530
30651
51661
26271
5219
23941
39370
3569
2703
2388
54491
54873
29552
44299
42492
29572
48258
40462
38137
55321
17734
47020
49822
24286
29767
36980
20860
65218
8592
4434
13212
22814
5440
47281
29027
28772
9544
40268
39927
28372
43906
38388
2771
48404
3334
41837
57889
26563
66
23060
41798
25988
16274
63626
15320
9501
44496
41253
34402
6378
24649
48121
60716
62161
63853
28888
7866
28104
43026
57917
24441
55475
37962
62924
10480
56733
37620
757
13948
164
26729
22321
28397
6062
26525
42679
62164
5870
49478
58206
63029
21323
48471
40827
33421
8840
29552
51769
12670
9812
27714
52398
55693
45813
8574
38045
54045
35044
17101
2590
19713
27114
24590
35351
21223
7004
29391
61262
63008
55031
17836
16537
6041
30775
59315
29421
53729
21460
59098
42006
30966
22373
40589
31856
44150
4129
22935
56850
32010
36108
43043
60441
10421
50085
7960
42909
18533
31229
46123
42986
23739
36452
15767
47688
46646
22577
58455
51773
36458
26137
59232
18184
29309
59930
11492
9491
37784
4337
18320
37919
15841
30625
47051
60239
15118
5510
61478
9575
47054
45084
38611
30561
60594
14465
28759
7351
10473
64668
36874
54576
24677
6248
52551
53796
19712
2633
63357
60203
58509
14436
62104
65120
2308
55499
22575
56546
11848
21294
45948
13188
20148
25814
9619
34705
5813
8009
40996
51951
11525
7020
52774
51045
63971
50761
50891
57625
12662
40558
20191
35466
42308
12500
29370
29313
52164
1913
54927
38192
58559
61828
7914
12046
23246
49731
8046
16406
50871
2293
7492
9110
59018
19420
58470
26969
41124
62870
59022
60249
20567
41117
16105
17803
46874
33281
41604
46493
61469
59036
51538
48468
11597
36100
15034
3538
10742
61168
6437
35350
35204
38546
13881
65236
34141
31773
33712
21093
44274
13634
44795
56370
13340
55414
9953
40270
38640
47144
60853
46750
50288
11091
57166
37288
44193
8467
39830
17132
61217
10318
11202
7421
34652
21393
1256
50480
3976
10249
64987
19398
32118
52534
39605
25591
55476
30233
7800
21244
12874
31763
48355
8613
18491
42014
7182
2376
31640
20560
55669
40046
44121
65061
45089
21570
54157
63066
6342
40825
53357
53460
10364
23703
24600
48924
8704
33312
2049
3602
42969
12809
20840
7211
65067
19557
56788
275
291
59027
64155
15844
50051
39422
41396
12035
34686
3622
37133
20957
32254
16289
60678
13760
27823
65242
61400
38963
48427
51307
31567
30287
11951
9078
5726
1677
19155
64392
24870
40203
9321
12461
23028
30680
53515
48249
49492
42419
28920
4987
27668
30756
41375
49827
40219
52685
33764
64888
26532
37921
25593
55038
16850
1042
54323
2580
4398
46102
10746
33043
9061
51162
45908
38402
22317
29285
20323
20120
43101
6059
60450
34912
59576
36328
37571
11109
35197
619
24995
31552
27189
37062
2573
37259
60445
43745
2099
59329
26853
33916
61505
46021
19406
4474
25397
14281
44902
5188
52435
9870
40175
50302
10375
58886
1666
53022
8378
63128
53057
43823
51804
41710
48873
21259
38992
36208
64668
31868
28445
52147
39346
2905
48244
16250
